41697969  
44717224  
46416984  
48041508  
50288416  
52532081  
53973709  
55224045  
56769943  
57562720  
58441514  
59131008  
59705507  
60300131  
60711659  
61275342  
61592020  
61979480  
62216771  
62444772  
62617511  
62785448  
62967769  
63092538  
63219906  
63355375  
63457928  
63578111  
63832318  
63959377  
64172765  
64218503  
64300090  
64419112  
64457230  
64562877  
64694541  
64732387  
64797750  
64831064  
64905879  
64992274  
65053311  
65107129  
65147042  
65181294  
65205801  
65217446  
65218721  
65278045  
65295276  
65302438  
65316098  
65341878  
65380586  
65403976  
65407467  
65414762  
65449671  
65459761  
65515946  
65542469  
65554214  
65568387  
65585095  
65588496  
65601032  
65623909  
65645776  
65661130  
65677967  
65732431  
65754979  
65761898  
65776007  
65785368  
65791633  
65814700  
65856377  
65928259  
65938203  
66003435  
66023547  
66035322  
66073269  
66088323  
66094011  
66110286  
66123339  
66134383  
66151793  
66155222  
66171799  
66175844  
66205563  
66220426  
66234823  
66240487  
66283913  
66307598  
66311611  
66322657  
66358374  
66374893  
66384985  
66441637  
66463495  
66470924  
66472201  
66536946  
66547831  
66554029  
66566905  
66573955  
66582647  
66616653  
66625978  
66669568  
66697923  
66735305  
66748897  
66776275  
66785102  
66803579  
66857032  
66879986  
66911470  
66942311  
66987935  
67036597  
67047402  
67094906  
67095374  
67115353  
67123024  
67135818  
67151080  
67168990  
67182767  
67196762  
67218332  
67226668  
67248294  
67265067  
67269724  
67302879  
67329608  
67346290  
67365602  
67381890  
67394307  
67403871  
67440375  
67487994  
67503592  
67519124  
67539788  
67552567  
67569841  
67602471  
67605425  
67613743  
67636925  
67655449  
67693408  
67713060  
67747389  
67772965  
67787156  
67805737  
67831913  
67883723  
67908331  
67920889  
67940198  
67981905  
67993309  
68012729  
68022373  
68042898  
68054463  
68087764  
68121006  
68124135  
68146162  
68159614  
68179640  
68193323  
68213750  
68237724  
68261018  
68280503  
68300908  
68312441  
68336556  
68355793  
68379996  
68400184  
68421125  
68434740  
68465090  
68488645  
68495707  
68515507  
68535253  
68547424  
68550322  
68561714  
68593371  
68606653  
68610506  
68645231  
68673890  
68676276  
68703402  
68716149  
68779963  
68856244  
68906075  
68941717  
68963542  
69025002  
69064779  
69137660  
69193054  
69273818  
69317240  